0
0
0
0
0
0
0
0
0
0
0
0
0
0
0
0
959 170 1 mob1.png 3 -1 -1 0 1 30 200
959 370 1 mob1.png 3 -1 -1 0 2 30 200
0
0
0
0
0
0
0
0
0
959 270 1 mob1.png 3 -1 -1 0 2 40 200 959 100 1 mob1.png 3 -1 -1 0 4 50 200
0
0
0
0
0
0
0
959 270 1 mob1.png 3 -1 -1 0 2 40 200 959 400 1 mob1.png 3 -1 -1 0 3 50 200
0
0
0
959 350 1 mob1.png 3 -1 -1 0 1 50 200
0
0
0
0
0
0
0
0
0
959 370 1 mob2.png 5 60 0 0 1 70 500 959 170 1 mob2.png 5 60 0 0 2 70 500
0
0
0
0
0
0
0
0
0
0
0
959 50 1 mob2.png 3 100 -1 0 0 70 1500 959 490 1 mob2.png 3 100 -1 0 0 70 1500
0
0
0
0
0
0
0
0
0
959 270 1 mob2.png 5 60 0 0 1 80 500
0
0
0
0
0
0
0
0
0
0
959 50 2 mob3.png 3 60 -1 0 4 60 1000
0
0
0
0
0
0
0
959 490 2 mob3.png 3 60 -1 0 3 60 1000
0
0
0
0
0
959 270 1 mob2.png 5 60 0 0 2 80 500
0
0
0
0
0
0
0
959 270 1 mob1.png 3 -1 -1 0 2 40 200 959 400 1 mob1.png 3 -1 -1 0 3 50 200
0
0
0
0
0
0
0
959 270 1 mob1.png 3 -1 -1 0 1 40 200 959 100 1 mob1.png 3 -1 -1 0 4 50 200
0
0
0
0
0
0
boss1
song2
0
0
0
0
0
0
0
0
0
0
959 170 1 mob1.png 3 -1 -1 0 2 20 300
0
0
0
0
0
0
0
0
0
0
959 420 1 mob1.png 3 -1 -1 0 1 20 300
0
0
0
0
0
0
0
0
0
959 250 1 mob1.png 3 -1 -1 0 2 40 300
0
0
0
0
0
0
0
0
0
0
959 490 1 mob2.png 4 70 0 0 1 80 900 959 50 1 mob2.png 4 70 0 0 2 80 900
0
0
0
0
0
0
0
0
0
0
959 270 3 mob3.png 2 50 -1 0 0 60 1200
0
0
0
0
0
0
959 100 3 mob3.png 2 50 -1 0 0 60 1200
0
0
0
0
959 440 3 mob3.png 2 50 -1 0 0 60 1200
0
0
0
0
959 270 3 mob3.png 2 50 -1 0 0 60 1200
0
0
0
0
959 270 2 mob3.png 3 50 -1 0 0 60 900
0
959 400 2 mob3.png 2 50 -1 0 0 60 900 959 140 2 mob3.png 2 50 -1 0 0 60 900
0
0
0
0
0
0
0
959 490 1 mob2.png 3 80 -1 0 0 80 1000 959 50 1 mob2.png 3 80 -1 0 0 80 1000
959 100 1 mob3.png 3 50 -1 0 4 70 1200
0
0
0
959 100 1 mob3.png 3 50 -1 0 4 70 1200
0
0
0
959 100 1 mob3.png 3 50 -1 0 4 70 1200
0
0
0
0
0
0
0
959 490 1 mob2.png 3 80 -1 0 0 80 1000 959 50 1 mob2.png 3 80 -1 0 0 80 1000
959 440 1 mob3.png 3 50 -1 0 3 70 1200
0
0
0
959 440 1 mob3.png 3 50 -1 0 3 70 1200
0
0
0
959 440 1 mob3.png 3 50 -1 0 3 70 1200
0
0
0
959 490 1 mob2.png 4 70 0 0 1 80 900 959 50 1 mob2.png 4 70 0 0 2 80 900
0
0
0
0
0
959 270 2 mob3.png 3 50 -1 0 0 60 900
0
959 400 2 mob3.png 2 50 -1 0 0 60 900 959 140 2 mob3.png 2 50 -1 0 0 60 900
0
0
0
0
959 490 1 mob2.png 3 80 -1 0 0 80 1000 959 50 1 mob2.png 3 80 -1 0 0 80 1000
0
0
0
0
0
959 270 2 mob3.png 3 50 -1 0 0 60 900
0
959 400 2 mob3.png 2 50 -1 0 0 60 900 959 140 2 mob3.png 2 50 -1 0 0 60 900
0
0
0
0
0
0
900 440 1 mob2.png 3 80 0 0 1 30 1000 900 100 1 mob2.png 3 80 0 0 2 30 1000
0
0
0
0
0
0
0
0
0
0
0
0
959 440 1 mob3.png 3 50 -1 0 3 70 1200 959 100 1 mob3.png 3 50 -1 0 4 70 1200
0
959 490 1 mob2.png 3 80 -1 0 0 80 1000
0
959 440 1 mob3.png 3 50 -1 0 3 70 1200 959 100 1 mob3.png 3 50 -1 0 4 70 1200
0
959 50 1 mob2.png 3 80 -1 0 0 80 1000
0
959 440 1 mob3.png 3 50 -1 0 3 70 1200 959 100 1 mob3.png 3 50 -1 0 4 70 1200
0
0
0
0
0
0
0
959 250 1 mob1.png 3 -1 -1 0 2 40 300
0
0
0
0
959 420 1 mob1.png 3 -1 -1 0 1 20 300
0
0
0
0
959 170 1 mob1.png 3 -1 -1 0 2 20 300
0
0
0
0
959 430 1 mob1.png 3 -1 -1 0 1 50 300
0
0
0
0
959 120 1 mob1.png 3 -1 -1 0 2 40 300
0
0
0
0
959 370 1 mob1.png 3 -1 -1 0 1 50 300
0
0
0
0
959 250 1 mob1.png 3 -1 -1 0 2 30 300
0
0
0
0
959 450 1 mob1.png 3 -1 -1 0 1 20 300
0
0
0
0
959 100 1 mob1.png 3 -1 -1 0 2 30 300
0
0
0
0
959 300 1 mob1.png 3 -1 -1 0 1 50 300
0
0
0
0
0
0
0
959 270 1 boss1.png 5 40 -1 0 0 30 1500
0
0
0
0
0
0
0
0
0
0
0
0
boss2
song3
0
0
0
0
0
0
0
0
0
0
0
959 200 3 mob3.png 2 60 -1 0 0 60 800
0
0
0
959 400 3 mob3.png 2 60 -1 0 0 60 800
0
0
0
959 310 3 mob3.png 2 60 -1 0 0 60 800
0
0
0
959 250 3 mob3.png 2 60 -1 0 0 60 800
0
0
0
959 200 2 mob3.png 3 50 -1 0 0 60 900
0
959 330 2 mob3.png 2 50 -1 0 0 60 900 959 70 2 mob3.png 2 50 -1 0 0 60 900
0
0
0
0
0
959 340 2 mob3.png 3 50 -1 0 0 60 900
0
959 470 2 mob3.png 2 50 -1 0 0 60 900 959 210 2 mob3.png 2 50 -1 0 0 60 900
0
0
0
0
0
0
959 440 1 mob3.png 2 90 -1 0 3 50 1200 959 100 1 mob3.png 2 50 -1 0 4 50 1200
0
0
0
959 440 1 mob3.png 2 50 -1 0 3 80 1200 959 100 1 mob3.png 2 50 -1 0 4 80 1200
0
0
0
0
0
959 440 1 mob3.png 2 90 -1 0 3 50 1200 959 100 1 mob3.png 2 50 -1 0 4 50 1200
0
0
0
0
959 490 1 mob2.png 3 80 -1 0 1 40 1000 959 50 1 mob2.png 3 80 -1 0 2 40 1500
0
0
0
0
900 440 1 mob2.png 3 80 0 0 1 30 1000 900 100 1 mob2.png 3 80 0 0 2 30 1000
0
0
0
0
0
959 300 1 mob1.png 2 -1 -1 0 2 40 500
0
0
0
0
959 100 1 mob1.png 2 -1 -1 0 2 20 500
0
0
0
0
959 450 1 mob1.png 2 -1 -1 0 1 20 500
0
0
959 490 1 mob2.png 3 80 -1 0 0 80 1000 959 50 1 mob2.png 3 80 -1 0 0 80 1000
0
0
959 250 1 mob1.png 2 -1 -1 0 2 50 500
0
0
0
959 370 1 mob1.png 2 -1 -1 0 1 40 500
0
0
0
0
959 120 1 mob1.png 2 -1 -1 0 2 50 500
0
959 490 1 mob2.png 3 80 -1 0 0 80 1000 959 50 1 mob2.png 3 80 -1 0 0 80 1000
0
0
959 430 1 mob1.png 2 -1 -1 0 1 30 500
0
0
0
0
959 170 1 mob1.png 2 -1 -1 0 2 20 500
0
959 490 1 mob2.png 3 80 -1 0 0 80 1000 959 50 1 mob2.png 3 80 -1 0 0 80 1000
0
0
959 420 1 mob1.png 2 -1 -1 0 1 30 500
0
0
0
0
959 250 1 mob1.png 3 -1 -1 0 2 50 500
0
0
0
0
0
0
0
0
959 80 2 mob3.png 1 70 -1 0 0 60 800
959 180 2 mob3.png 1 70 -1 0 0 60 800
959 280 2 mob3.png 1 70 -1 0 0 60 800
959 380 2 mob3.png 1 70 -1 0 0 60 800
959 480 2 mob3.png 1 70 -1 0 0 60 800
0
0
0
959 480 2 mob3.png 1 70 -1 0 0 60 800
959 380 2 mob3.png 1 70 -1 0 0 60 800
959 280 2 mob3.png 1 70 -1 0 0 60 800
959 180 2 mob3.png 1 70 -1 0 0 60 800
959 80 2 mob3.png 1 70 -1 0 0 60 8000
0
0
0
0
0
0
0
959 270 2 mob3.png 3 50 -1 0 0 60 900
0
959 400 2 mob3.png 2 50 -1 0 0 60 900 959 140 2 mob3.png 2 50 -1 0 0 60 900
0
0
0
0
0
0
0
0
959 490 1 mob2.png 3 70 0 0 1 80 900 959 50 1 mob2.png 3 70 0 0 2 80 900
0
959 100 1 mob3.png 3 50 -1 0 4 40 1200
0
0
0
959 100 1 mob3.png 3 50 -1 0 4 40 1200
0
0
0
959 100 1 mob3.png 3 50 -1 0 4 40 1200
0
0
0
0
0
0
0
0
0
959 440 1 mob3.png 3 50 -1 0 3 40 1200
0
0
0
959 440 1 mob3.png 3 50 -1 0 3 40 1200
0
0
0
959 440 1 mob3.png 3 50 -1 0 3 40 1200
0
0
0
0
0
0
959 270 1 mob2.png 4 50 -1 0 0 70 1800
959 100 1 mob3.png 3 50 -1 0 4 70 1200
0
0
0
0
959 100 1 mob3.png 3 50 -1 0 4 40 1200
0
0
0
0
959 270 1 mob2.png 4 50 -1 0 0 70 1800
959 440 1 mob3.png 3 50 -1 0 3 70 1200
0
0
0
0
959 440 1 mob3.png 3 50 -1 0 3 40 1200
0
0
0
0
0
959 100 1 mob3.png 3 50 -1 0 4 10 1200 959 440 1 mob3.png 3 50 -1 0 3 40 1200
0
0
0
0
0
0
0
959 100 1 mob3.png 3 50 -1 0 4 10 1200
959 270 1 mob2.png 4 50 -1 0 0 70 1800
959 440 1 mob3.png 3 50 -1 0 3 40 1200
0
0
0
0
0
0
0
0
0
0
0
boss3
0
0
0
0
!
!
